x_mm y_mm
0.000000 0.000000
1.494266 3.432310
2.988531 4.929903
4.482797 6.113764
5.977063 6.985008
7.471328 7.816380
8.965594 8.521029
10.459860 9.132353
11.954125 9.729253
13.448391 10.308417
14.942657 10.828788
16.436922 11.331149
17.931188 11.824133
19.425454 12.309671
20.919719 12.771682
22.413985 13.218910
23.908251 13.664517
25.402516 14.110123
26.896782 14.547585
28.391048 14.974265
29.885313 15.390846
31.379579 15.807140
32.873845 16.223434
34.368110 16.639728
35.862376 17.055355
37.356642 17.459776
38.850907 17.849301
40.345173 18.238826
41.839439 18.628350
43.333704 19.017875
44.827970 19.407400
46.322236 19.795839
47.816501 20.173179
49.310767 20.525117
50.805033 20.876813
52.299298 21.228510
53.793564 21.580206
55.287830 21.931903
56.782096 22.283599
58.276361 22.632078
59.770627 22.960869
61.264893 23.261844
62.759158 23.562038
64.253424 23.862232
65.747690 24.162426
67.241955 24.462619
68.736221 24.762813
70.230487 25.063007
71.724752 25.355110
73.219018 25.624127
74.713284 25.877840
76.207549 26.131529
77.701815 26.385218
79.196081 26.638907
80.690346 26.892596
82.184612 27.146285
83.678878 27.399974
85.173143 27.650206
86.667409 27.883137
88.161675 28.098330
89.655940 28.313050
91.150206 28.527769
92.644472 28.742488
94.138737 28.957207
95.633003 29.171926
97.127269 29.386645
98.621534 29.601364
100.115800 29.809442
101.610066 30.001172
103.104331 30.182904
104.598597 30.364612
106.092863 30.546321
107.587128 30.728029
109.081394 30.909737
110.575660 31.091446
112.069925 31.273154
113.564191 31.454863
115.058457 31.631819
116.552722 31.795299
118.046988 31.949070
119.541254 32.102759
121.035519 32.256447
122.529785 32.410136
124.024051 32.563825
125.518316 32.717514
127.012582 32.871202
128.506848 33.024891
130.001113 33.177388
131.495379 33.320497
132.989645 33.450837
134.483910 33.580805
135.978176 33.710773
137.472442 33.840740
138.966707 33.970708
140.460973 34.100676
141.955239 34.230643
143.449504 34.360611
144.943770 34.490579
146.438036 34.616212
147.932301 34.730393
149.426567 34.840362
150.920833 34.950330
152.415098 35.060299
153.909364 35.170267
155.403630 35.280236
156.897895 35.390205
158.392161 35.500173
159.886427 35.610142
161.380692 35.718976
162.874958 35.821450
164.369224 35.914829
165.863489 36.008094
167.357755 36.101359
168.852021 36.194624
170.346287 36.287889
171.840552 36.381154
173.334818 36.474419
174.829084 36.567684
176.323349 36.660935
177.817615 36.752152
179.311881 36.830558
180.806146 36.908599
182.300412 36.986641
183.794678 37.064682
185.288943 37.142724
186.783209 37.220765
188.277475 37.298807
189.771740 37.376849
191.266006 37.454890
192.760272 37.532642
194.254537 37.599503
195.748803 37.665184
197.243069 37.730865
198.737334 37.796545
200.231600 37.862226
201.725866 37.927906
203.220131 37.993587
204.714397 38.059268
206.208663 38.124948
207.702928 38.188754
209.197194 38.243602
210.691460 38.297470
212.185725 38.351327
213.679991 38.405184
215.174257 38.459041
216.668522 38.512898
218.162788 38.566755
219.657054 38.620612
221.151319 38.674469
222.645585 38.721429
224.139851 38.765524
225.634116 38.809317
227.128382 38.853110
228.622648 38.896903
230.116913 38.940696
231.611179 38.984489
233.105445 39.028282
234.599710 39.071235
236.093976 39.107816
237.588242 39.141411
239.082507 39.174981
240.576773 39.208551
242.071039 39.242121
243.565304 39.275691
245.059570 39.309261
246.553836 39.342763
248.048101 39.371666
249.542367 39.396846
251.036633 39.421971
252.530898 39.447097
254.025164 39.472222
255.519430 39.497348
257.013695 39.522473
258.507961 39.545159
260.002227 39.563381
261.496492 39.579695
262.990758 39.596009
264.485024 39.612323
265.979289 39.628637
267.473555 39.644807
268.967821 39.658335
270.462086 39.667117
271.956352 39.675875
273.450618 39.684632
274.944883 39.693390
276.439149 39.701557
277.933415 39.706988
279.427680 39.709244
280.921946 39.711500
282.416212 39.713756
283.910478 39.715419
285.404743 39.713731
286.899009 39.710180
288.393275 39.706628
289.887540 39.702694
291.381806 39.694957
292.876072 39.686666
294.370337 39.677677
295.864603 39.665942
297.358869 39.654727
