x_mm y_mm
0.000000 0.000000
1.502999 2.677472
3.005999 3.876668
4.508998 4.899100
6.011997 5.581785
7.514996 6.224880
9.017996 6.811823
10.520995 7.266278
12.023994 7.713427
13.526994 8.152202
15.029993 8.555323
16.532992 8.917409
18.035991 9.278213
19.538991 9.636334
21.041990 9.983312
22.544989 10.311236
24.047989 10.632652
25.550988 10.954067
27.053987 11.274364
28.556986 11.590248
30.059986 11.898275
31.562985 12.201541
33.065984 12.504807
34.568984 12.808073
36.071983 13.111339
37.574982 13.411841
39.077982 13.703058
40.580981 13.988337
42.083980 14.273615
43.586979 14.558894
45.089979 14.844172
46.592978 15.129451
48.095977 15.411440
49.598977 15.676439
51.101976 15.931276
52.604975 16.186077
54.107974 16.440879
55.610974 16.695680
57.113973 16.950482
58.616972 17.205284
60.119972 17.453378
61.622971 17.675449
63.125970 17.885138
64.628969 18.094715
66.131969 18.304293
67.634968 18.513870
69.137967 18.723448
70.640967 18.933025
72.143966 19.142602
73.646965 19.338101
75.149964 19.512840
76.652964 19.681090
78.155963 19.849337
79.658962 20.017584
81.161962 20.185830
82.664961 20.354077
84.167960 20.522324
85.670959 20.690571
87.173959 20.853241
88.676958 20.994686
90.179957 21.128250
91.682957 21.261747
93.185956 21.395243
94.688955 21.528740
96.191954 21.662237
97.694954 21.795733
99.197953 21.929230
100.700952 22.062727
102.203952 22.185731
103.706951 22.293919
105.209950 22.397902
106.712950 22.501882
108.215949 22.605863
109.718948 22.709843
111.221947 22.813823
112.724947 22.917803
114.227946 23.021784
115.730945 23.125764
117.233945 23.222025
118.736944 23.305023
120.239943 23.383877
121.742942 23.462719
123.245942 23.541561
124.748941 23.620404
126.251940 23.699246
127.754940 23.778088
129.257939 23.856931
130.760938 23.935773
132.263937 24.012533
133.766937 24.075816
135.269936 24.133405
136.772935 24.190940
138.275935 24.248476
139.778934 24.306012
141.281933 24.363548
142.784932 24.421083
144.287932 24.478619
145.790931 24.536155
147.293930 24.593691
148.796930 24.642633
150.299929 24.683876
151.802928 24.723397
153.305927 24.762918
154.808927 24.802439
156.311926 24.841960
157.814925 24.881481
159.317925 24.921002
160.820924 24.960523
162.323923 25.000044
163.826922 25.036686
165.329922 25.065156
166.832921 25.089658
168.335920 25.114143
169.838920 25.138628
171.341919 25.163113
172.844918 25.187599
174.347918 25.212084
175.850917 25.236569
177.353916 25.261055
178.856915 25.285482
180.359915 25.302102
181.862914 25.312884
183.365913 25.323615
184.868913 25.334346
186.371912 25.345076
187.874911 25.355807
189.377910 25.366537
190.880910 25.377268
192.383909 25.387999
193.886908 25.398729
195.389908 25.404117
196.892907 25.404128
198.395906 25.403712
199.898905 25.403296
201.401905 25.402881
202.904904 25.402465
204.407903 25.402049
205.910903 25.401634
207.413902 25.401218
208.916901 25.399897
210.419900 25.393503
211.922900 25.382374
213.425899 25.371228
214.928898 25.360082
216.431898 25.348936
217.934897 25.337790
219.437896 25.326644
220.940895 25.315498
222.443895 25.304352
223.946894 25.289994
225.449893 25.270442
226.952893 25.250222
228.455892 25.230001
229.958891 25.209781
231.461891 25.189560
232.964890 25.169339
234.467889 25.149119
235.970888 25.128491
237.473888 25.104338
238.976887 25.074837
240.479886 25.045322
241.982886 25.015806
243.485885 24.986291
244.988884 24.956775
246.491883 24.927260
247.994883 24.897712
249.497882 24.865975
251.000881 24.828852
252.503881 24.791704
254.006880 24.754557
255.509879 24.717409
257.012878 24.680262
258.515878 24.643114
260.018877 24.604824
261.521876 24.561993
263.024876 24.516824
264.527875 24.471656
266.030874 24.426487
267.533873 24.381318
269.036873 24.336080
270.539872 24.289423
272.042871 24.237421
273.545871 24.185410
275.048870 24.133399
276.551869 24.081387
278.054868 24.029100
279.557868 23.974473
281.060867 23.916548
282.563866 23.858624
284.066866 23.800699
285.569865 23.742500
287.072864 23.681124
288.575863 23.617931
290.078863 23.554739
291.581862 23.491368
293.084861 23.424372
294.587861 23.356875
296.090860 23.288769
297.593859 23.218105
299.096859 23.147918
299.096859 22.340483
297.593859 21.968832
296.090860 21.596865
294.587861 21.227354
293.084861 20.858344
291.581862 20.490322
290.078863 20.125578
288.575863 19.760834
287.072864 19.396441
285.569865 19.034703
284.066866 18.675742
282.563866 18.316782
281.060867 17.957821
279.557868 17.599739
278.054868 17.245522
276.551869 16.892656
275.048870 16.539791
273.545871 16.186925
272.042871 15.834184
270.539872 15.483725
269.036873 15.138442
267.533873 14.793165
266.030874 14.447889
264.527875 14.102613
263.024876 13.757336
261.521876 13.413463
260.018877 13.073635
258.515878 12.736247
257.012878 12.398859
255.509879 12.061471
254.006880 11.724084
252.503881 11.386696
251.000881 11.049940
249.497882 10.717058
247.994883 10.388177
246.491883 10.059297
244.988884 9.730418
243.485885 9.401538
241.982886 9.072659
240.479886 8.743779
238.976887 8.415380
237.473888 8.091593
235.970888 7.771758
234.467889 7.451936
232.964890 7.132114
231.461891 6.812292
229.958891 6.492470
228.455892 6.172648
226.952893 5.852827
225.449893 5.535357
223.946894 5.223270
222.443895 4.913662
220.940895 4.604054
219.437896 4.294446
217.934897 3.984838
216.431898 3.675230
214.928898 3.365621
213.425899 3.056013
211.922900 2.747334
210.419900 2.445311
208.916901 2.146116
207.413902 1.846935
205.910903 1.547755
204.407903 1.248574
202.904904 0.949393
201.401905 0.650212
199.898905 0.351031
198.395906 0.051850
196.892907 -0.243401
195.389908 -0.532066
193.886908 -0.819208
192.383909 -1.106350
190.880910 -1.393493
189.377910 -1.680635
187.874911 -1.967778
186.371912 -2.254920
184.868913 -2.542063
183.365913 -2.829205
181.862914 -3.111784
180.359915 -3.386147
178.856915 -3.659352
177.353916 -3.932558
175.850917 -4.205763
174.347918 -4.478968
172.844918 -4.752173
171.341919 -5.025379
169.838920 -5.298584
168.335920 -5.571789
166.832921 -5.843244
165.329922 -6.101415
163.826922 -6.358702
162.323923 -6.615984
160.820924 -6.873267
159.317925 -7.130549
157.814925 -7.387831
156.311926 -7.645113
154.808927 -7.902395
153.305927 -8.159677
151.802928 -8.416768
150.299929 -8.660746
148.796930 -8.899831
147.293930 -9.138916
145.790931 -9.378002
144.287932 -9.617087
142.784932 -9.856172
141.281933 -10.095257
139.778934 -10.334343
138.275935 -10.573428
136.772935 -10.811947
135.269936 -11.042414
133.766937 -11.259688
132.263937 -11.476897
130.760938 -11.694106
129.257939 -11.911316
127.754940 -12.128525
126.251940 -12.345734
124.748941 -12.562944
123.245942 -12.780153
121.742942 -12.997139
120.239943 -13.209530
118.736944 -13.401764
117.233945 -13.593780
115.730945 -13.785796
114.227946 -13.977812
112.724947 -14.169828
111.221947 -14.361844
109.718948 -14.553859
108.215949 -14.745875
106.712950 -14.937807
105.209950 -15.124373
103.706951 -15.286776
102.203952 -15.448898
100.700952 -15.611021
99.197953 -15.773143
97.694954 -15.935265
96.191954 -16.097388
94.688955 -16.259510
93.185956 -16.421633
91.682957 -16.581833
90.179957 -16.729161
88.676958 -16.856655
87.173959 -16.984002
85.670959 -17.111350
84.167960 -17.238697
82.664961 -17.366044
81.161962 -17.493392
79.658962 -17.620739
78.155963 -17.747990
76.652964 -17.866958
75.149964 -17.953809
73.646965 -18.040281
72.143966 -18.126753
70.640967 -18.213226
69.137967 -18.299698
67.634968 -18.386170
66.131969 -18.472643
64.628969 -18.556586
63.125970 -18.622553
61.622971 -18.657844
60.119972 -18.692941
58.616972 -18.728037
57.113973 -18.763133
55.610974 -18.798230
54.107974 -18.833326
52.604975 -18.867858
51.101976 -18.887073
49.598977 -18.837184
48.095977 -18.787188
46.592978 -18.737191
45.089979 -18.687194
43.586979 -18.637198
42.083980 -18.587201
40.580981 -18.533384
39.077982 -18.435053
37.574982 -18.262193
36.071983 -18.089334
34.568984 -17.916475
33.065984 -17.743615
31.562985 -17.570754
30.059986 -17.397694
28.556986 -17.166425
27.053987 -16.837616
25.550988 -16.506261
24.047989 -16.174905
22.544989 -15.843327
21.041990 -15.511262
19.538991 -15.119802
18.035991 -14.610275
16.532992 -14.078939
15.029993 -13.546560
13.526994 -13.013580
12.023994 -12.400767
10.520995 -11.652181
9.017996 -10.848618
7.514996 -10.043594
6.011997 -9.081315
4.508998 -7.911518
3.005999 -6.567828
1.502999 -4.271323
