x_mm y_mm
0.000000 0.000000
1.506602 1.964390
3.013204 2.878416
4.519806 3.703033
6.026408 4.192579
7.533010 4.660436
9.039613 5.110656
10.546215 5.411311
12.052817 5.715320
13.559419 6.022367
15.066021 6.307329
16.572623 6.540687
18.079225 6.774913
19.585827 7.015159
21.092429 7.255114
22.599031 7.474476
24.105634 7.684976
25.612236 7.895475
27.118838 8.106733
28.625440 8.321736
30.132042 8.533741
31.638644 8.738771
33.145246 8.943802
34.651848 9.148832
36.158450 9.353863
37.665052 9.559040
39.171655 9.763250
40.678257 9.960292
42.184859 10.157334
43.691461 10.354376
45.198063 10.551418
46.704665 10.748460
48.211267 10.944445
49.717869 11.132739
51.224471 11.307428
52.731073 11.482251
54.237675 11.657075
55.744278 11.831898
57.250880 12.006721
58.757482 12.181545
60.264084 12.354185
61.770686 12.512670
63.277288 12.648750
64.783890 12.785317
66.290492 12.921884
67.797094 13.058450
69.303696 13.195017
70.810299 13.331584
72.316901 13.468150
73.823503 13.600084
75.330105 13.713584
76.836707 13.814635
78.343309 13.915703
79.849911 14.016771
81.356513 14.117838
82.863115 14.218906
84.369717 14.319974
85.876320 14.421041
87.382922 14.520260
88.889524 14.608160
90.396126 14.678975
91.902728 14.750135
93.409330 14.821294
94.915932 14.892454
96.422534 14.963613
97.929136 15.034773
99.435738 15.105932
100.942340 15.177092
102.448943 15.244747
103.955545 15.299269
105.462147 15.344968
106.968749 15.390683
108.475351 15.436399
109.981953 15.482115
111.488555 15.527830
112.995157 15.573546
114.501759 15.619262
116.008361 15.664977
117.514964 15.708102
119.021566 15.740730
120.528168 15.764653
122.034770 15.788635
123.541372 15.812617
125.047974 15.836599
126.554576 15.860580
128.061178 15.884562
129.567780 15.908544
131.074382 15.932526
132.580985 15.955806
134.087587 15.972994
135.594189 15.978302
137.100791 15.983864
138.607393 15.989426
140.113995 15.994988
141.620597 16.000550
143.127199 16.006112
144.633801 16.011674
146.140403 16.017235
147.647005 16.022797
149.153608 16.025527
150.660210 16.018394
152.166812 16.008337
153.673414 15.998281
155.180016 15.988225
156.686618 15.978169
158.193220 15.968113
159.699822 15.958056
161.206424 15.948000
162.713026 15.937944
164.219629 15.926911
165.726231 15.910570
167.232833 15.887445
168.739435 15.864385
170.246037 15.841325
171.752639 15.818266
173.259241 15.795206
174.765843 15.772146
176.272445 15.749086
177.779047 15.726027
179.285650 15.702947
180.792252 15.677267
182.298854 15.642066
183.805456 15.607055
185.312058 15.572044
186.818660 15.537034
188.325262 15.502023
189.831864 15.467012
191.338466 15.432002
192.845068 15.396991
194.351670 15.361980
195.858273 15.325232
197.364875 15.280972
198.871477 15.236316
200.378079 15.191661
201.884681 15.147005
203.391283 15.102350
204.897885 15.057694
206.404487 15.013039
207.911089 14.968383
209.417691 14.923419
210.924294 14.875668
212.430896 14.821591
213.937498 14.767566
215.444100 14.713541
216.950702 14.659516
218.457304 14.605491
219.963906 14.551465
221.470508 14.497440
222.977110 14.443415
224.483712 14.388349
225.990315 14.327151
227.496917 14.265287
229.003519 14.203424
230.510121 14.141561
232.016723 14.079698
233.523325 14.017834
235.029927 13.955971
236.536529 13.893968
238.043131 13.830127
239.549733 13.760099
241.056335 13.690109
242.562938 13.620119
244.069540 13.550129
245.576142 13.480139
247.082744 13.410149
248.589346 13.340148
250.095948 13.269374
251.602550 13.192716
253.109152 13.116119
254.615754 13.039522
256.122356 12.962926
257.628959 12.886329
259.135561 12.809732
260.642163 12.732762
262.148765 12.651486
263.655367 12.567871
265.161969 12.484257
266.668571 12.400643
268.175173 12.317029
269.681775 12.233391
271.188377 12.149060
272.694979 12.059492
274.201582 11.969945
275.708184 11.880398
277.214786 11.790850
278.721388 11.701213
280.227990 11.609595
281.734592 11.514888
283.241194 11.420180
284.747796 11.325472
286.254398 11.230676
287.761000 11.133028
289.267603 11.033744
290.774205 10.934460
292.280807 10.835119
293.787409 10.732507
295.294011 10.629466
296.800613 10.525905
298.307215 10.420070
299.813817 10.314655
299.813817 9.623737
298.307215 9.348830
296.800613 9.073551
295.294011 8.800417
293.787409 8.527688
292.280807 8.255641
290.774205 7.986557
289.267603 7.717472
287.761000 7.448504
286.254398 7.181742
284.747796 6.917590
283.241194 6.653438
281.734592 6.389285
280.227990 6.125423
278.721388 5.865140
277.214786 5.606163
275.708184 5.347186
274.201582 5.088209
272.694979 4.829276
271.188377 4.571372
269.681775 4.318895
268.175173 4.066402
266.668571 3.813908
265.161969 3.561415
263.655367 3.308922
262.148765 3.056897
260.642163 2.808403
259.135561 2.562590
257.628959 2.316777
256.122356 2.070963
254.615754 1.825150
253.109152 1.579337
251.602550 1.333747
250.095948 1.090295
248.589346 0.851767
247.082744 0.613234
245.576142 0.374701
244.069540 0.136168
242.562938 -0.102365
241.056335 -0.340898
239.549733 -0.579262
238.043131 -0.815562
236.536529 -1.046376
235.029927 -1.277235
233.523325 -1.508093
232.016723 -1.738952
230.510121 -1.969810
229.003519 -2.200669
227.496917 -2.431527
225.990315 -2.661569
224.483712 -2.887652
222.977110 -3.109752
221.470508 -3.331853
219.963906 -3.553954
218.457304 -3.776054
216.950702 -3.998155
215.444100 -4.220255
213.937498 -4.442356
212.430896 -4.664127
210.924294 -4.882926
209.417691 -5.096113
207.911089 -5.309367
206.404487 -5.522621
204.897885 -5.735875
203.391283 -5.949129
201.884681 -6.162383
200.378079 -6.375637
198.871477 -6.588891
197.364875 -6.800764
195.858273 -7.007678
194.351670 -7.210623
192.845068 -7.413569
191.338466 -7.616514
189.831864 -7.819460
188.325262 -8.022405
186.818660 -8.225351
185.312058 -8.428296
183.805456 -8.631241
182.298854 -8.832563
180.792252 -9.028271
179.285650 -9.219325
177.779047 -9.410383
176.272445 -9.601441
174.765843 -9.792499
173.259241 -9.983556
171.752639 -10.174614
170.246037 -10.365672
168.739435 -10.556730
167.232833 -10.747163
165.726231 -10.932061
164.219629 -11.109339
162.713026 -11.286752
161.206424 -11.464166
159.699822 -11.641580
158.193220 -11.818993
156.686618 -11.996407
155.180016 -12.173821
153.673414 -12.351234
152.166812 -12.528648
150.660210 -12.701408
149.153608 -12.865516
147.647005 -13.027374
146.140403 -13.189232
144.633801 -13.351090
143.127199 -13.512947
141.620597 -13.674805
140.113995 -13.836663
138.607393 -13.998521
137.100791 -14.160379
135.594189 -14.319371
134.087587 -14.469316
132.580985 -14.612339
131.074382 -14.755443
129.567780 -14.898546
128.061178 -15.041650
126.554576 -15.184753
125.047974 -15.327857
123.541372 -15.470961
122.034770 -15.614064
120.528168 -15.756460
119.021566 -15.888935
117.514964 -16.010161
116.008361 -16.131668
114.501759 -16.253174
112.995157 -16.374681
111.488555 -16.496187
109.981953 -16.617694
108.475351 -16.739200
106.968749 -16.860707
105.462147 -16.982002
103.955545 -17.091244
102.448943 -17.186681
100.942340 -17.282485
99.435738 -17.378289
97.929136 -17.474093
96.422534 -17.569897
94.915932 -17.665701
93.409330 -17.761505
91.902728 -17.857309
90.396126 -17.948785
88.889524 -18.025511
87.382922 -18.091174
85.876320 -18.157031
84.369717 -18.222888
82.863115 -18.288744
81.356513 -18.354601
79.849911 -18.420457
78.343309 -18.486314
76.836707 -18.551959
75.330105 -18.600643
73.823503 -18.630726
72.316901 -18.661310
70.810299 -18.691894
69.303696 -18.722478
67.797094 -18.753062
66.290492 -18.783646
64.783890 -18.814230
63.277288 -18.838935
61.770686 -18.841682
60.264084 -18.827069
58.757482 -18.812712
57.250880 -18.798354
55.744278 -18.783997
54.237675 -18.769640
52.731073 -18.755282
51.224471 -18.739386
49.717869 -18.687965
48.211267 -18.595723
46.704665 -18.503621
45.198063 -18.411520
43.691461 -18.319418
42.184859 -18.227317
40.678257 -18.135215
39.171655 -18.026609
37.665052 -17.863637
36.158450 -17.656824
34.651848 -17.450010
33.145246 -17.243197
31.638644 -17.036384
30.132042 -16.829732
28.625440 -16.601765
27.118838 -16.303787
25.612236 -15.947372
24.105634 -15.590958
22.599031 -15.234723
21.092429 -14.879185
19.585827 -14.502011
18.079225 -14.040088
16.572623 -13.493962
15.066021 -12.948687
13.559419 -12.405620
12.052817 -11.832707
10.546215 -11.140537
9.039613 -10.338931
7.533010 -9.543327
6.026408 -8.686918
4.519806 -7.570706
3.013204 -6.327286
1.506602 -4.510228
