x_mm y_mm
0.000000 0.000000
1.502488 -4.077612
3.004975 -6.274099
4.507463 -7.546302
6.009950 -8.654931
7.512438 -9.568246
9.014925 -10.327383
10.517413 -11.086847
12.019900 -11.797100
13.522388 -12.375374
15.024876 -12.875170
16.527363 -13.375101
18.029851 -13.875273
19.532338 -14.355778
21.034826 -14.720954
22.537313 -15.027684
24.039801 -15.334525
25.542288 -15.641418
27.044776 -15.948310
28.547264 -16.254084
30.049751 -16.464191
31.552239 -16.617801
33.054726 -16.771090
34.557214 -16.924379
36.059701 -17.077668
37.562189 -17.230958
39.064676 -17.384247
40.567164 -17.466373
42.069652 -17.504951
43.572139 -17.539239
45.074627 -17.573527
46.577114 -17.607815
48.079602 -17.642103
49.582089 -17.676391
51.084577 -17.710704
52.587064 -17.679562
54.089552 -17.632504
55.592040 -17.584845
57.094527 -17.537186
58.597015 -17.489527
60.099502 -17.441868
61.601990 -17.394210
63.104477 -17.346594
64.606965 -17.270463
66.109452 -17.176706
67.611940 -17.080304
69.114428 -16.983901
70.616915 -16.887499
72.119403 -16.791097
73.621890 -16.694695
75.124378 -16.598292
76.626865 -16.501975
78.129353 -16.375497
79.631840 -16.240570
81.134328 -16.105542
82.636816 -15.970515
84.139303 -15.835488
85.641791 -15.700461
87.144278 -15.565434
88.646766 -15.430407
90.149253 -15.295413
91.651741 -15.142053
93.154228 -14.976151
94.656716 -14.808260
96.159204 -14.640368
97.661691 -14.472477
99.164179 -14.304586
100.666666 -14.136694
102.169154 -13.968803
103.671641 -13.800911
105.174129 -13.633083
106.676616 -13.442488
108.179104 -13.246429
109.681592 -13.050282
111.184079 -12.854135
112.686567 -12.657988
114.189054 -12.461841
115.691542 -12.265694
117.194029 -12.069547
118.696517 -11.873400
120.199004 -11.677302
121.701492 -11.462222
123.203980 -11.242508
124.706467 -11.022559
126.208955 -10.802611
127.711442 -10.582662
129.213930 -10.362713
130.716417 -10.142764
132.218905 -9.922816
133.721392 -9.702867
135.223880 -9.482933
136.726368 -9.250772
138.228855 -9.010764
139.731343 -8.770136
141.233830 -8.529508
142.736318 -8.288880
144.238805 -8.048252
145.741293 -7.807624
147.243780 -7.566996
148.746268 -7.326368
150.248756 -7.085740
151.751243 -6.840751
153.253731 -6.583226
154.756218 -6.325407
156.258706 -6.067588
157.761193 -5.809769
159.263681 -5.551950
160.766168 -5.294131
162.268656 -5.036312
163.771144 -4.778493
165.273631 -4.520675
166.776119 -4.262242
168.278606 -3.991076
169.781094 -3.718195
171.283581 -3.445313
172.786069 -3.172432
174.288556 -2.899551
175.791044 -2.626669
177.293532 -2.353788
178.796019 -2.080906
180.298507 -1.808025
181.800994 -1.534127
183.303482 -1.252552
184.805969 -0.966505
186.308457 -0.680458
187.810944 -0.394411
189.313432 -0.108364
190.815920 0.177683
192.318407 0.463731
193.820895 0.749778
195.323382 1.035825
196.825870 1.323249
198.328357 1.616856
199.830845 1.914295
201.333332 2.211734
202.835820 2.509173
204.338308 2.806612
205.840795 3.104052
207.343283 3.401491
208.845770 3.698930
210.348258 3.996366
211.850745 4.296393
213.353233 4.602759
214.855720 4.910034
216.358208 5.217309
217.860696 5.524584
219.363183 5.831859
220.865671 6.139134
222.368158 6.446409
223.870646 6.753684
225.373133 7.063255
226.875621 7.377920
228.378108 7.694870
229.880596 8.011820
231.383084 8.328771
232.885571 8.645721
234.388059 8.962671
235.890546 9.279622
237.393034 9.596569
238.895521 9.917202
240.398009 10.242226
241.900496 10.567720
243.402984 10.893214
244.905472 11.218708
246.407959 11.544202
247.910447 11.869696
249.412934 12.195190
250.915422 12.524432
252.417909 12.857365
253.920397 13.190916
255.422884 13.524467
256.925372 13.858017
258.427860 14.191568
259.930347 14.525119
261.432835 14.860941
262.935322 15.200591
264.437810 15.541584
265.940297 15.882577
267.442785 16.223570
268.945272 16.564564
270.447760 16.905555
271.950248 17.251433
273.452735 17.599489
274.955223 17.947667
276.457710 18.295844
277.960198 18.644022
279.462685 18.993464
280.965173 19.346562
282.467660 19.700498
283.970148 20.054434
285.472636 20.408370
286.975123 20.764924
288.477611 21.123998
289.980098 21.483408
291.482586 21.842817
292.985073 22.205315
294.487561 22.568751
295.990048 22.932658
297.492536 23.298880
298.995024 23.664806
