x_mm y_mm
0.000000 0.000000
1.502488 2.446115
3.004975 3.571157
4.507463 4.535954
6.009950 5.174521
7.512438 5.781856
9.014925 6.336380
10.517413 6.762247
12.019900 7.185424
13.522388 7.603019
15.024876 7.986554
16.527363 8.329496
18.029851 8.672721
19.532338 9.016561
21.034826 9.351145
22.537313 9.667049
24.039801 9.976473
25.542288 10.285897
27.044776 10.595568
28.547264 10.903427
30.049751 11.204630
31.552239 11.501066
33.054726 11.797502
34.557214 12.093938
36.059701 12.390375
37.562189 12.685400
39.064676 12.973298
40.567164 13.255794
42.069652 13.538290
43.572139 13.820786
45.074627 14.103282
46.577114 14.385778
48.079602 14.665169
49.582089 14.929684
51.084577 15.184957
52.587064 15.440237
54.089552 15.695518
55.592040 15.950799
57.094527 16.206079
58.597015 16.461360
60.099502 16.710286
61.601990 16.934947
63.104477 17.147660
64.606965 17.360399
66.109452 17.573138
67.611940 17.785878
69.114428 17.998617
70.616915 18.211356
72.119403 18.424095
73.621890 18.623459
75.124378 18.803383
76.626865 18.977060
78.129353 19.150738
79.631840 19.324416
81.134328 19.498093
82.636816 19.671771
84.139303 19.845449
85.641791 20.019127
87.144278 20.187496
88.646766 20.335959
90.149253 20.476783
91.651741 20.617622
93.154228 20.758462
94.656716 20.899301
96.159204 21.040141
97.661691 21.180981
99.164179 21.321820
100.666666 21.462660
102.169154 21.593494
103.671641 21.710486
105.174129 21.823436
106.676616 21.936388
108.179104 22.049339
109.681592 22.162291
111.184079 22.275242
112.686567 22.388194
114.189054 22.501145
115.691542 22.614097
117.194029 22.719678
118.696517 22.812846
120.199004 22.902032
121.701492 22.991221
123.203980 23.080410
124.706467 23.169599
126.208955 23.258788
127.711442 23.347978
129.213930 23.437167
130.716417 23.526356
132.218905 23.613555
133.721392 23.688083
135.223880 23.757131
136.726368 23.826191
138.228855 23.895251
139.731343 23.964311
141.233830 24.033370
142.736318 24.102430
144.238805 24.171490
145.741293 24.240550
147.243780 24.309610
148.746268 24.370534
150.248756 24.424165
151.751243 24.476195
153.253731 24.528225
154.756218 24.580256
156.258706 24.632286
157.761193 24.684317
159.263681 24.736347
160.766168 24.788378
162.268656 24.840408
163.771144 24.889683
165.273631 24.931294
166.776119 24.969126
168.278606 25.006961
169.781094 25.044797
171.283581 25.082632
172.786069 25.120468
174.288556 25.158303
175.791044 25.196139
177.293532 25.233974
178.796019 25.271755
180.298507 25.302183
181.800994 25.327003
183.303482 25.351835
184.805969 25.376667
186.308457 25.401498
187.810944 25.426330
189.313432 25.451162
190.815920 25.475994
192.318407 25.500826
193.820895 25.525658
195.323382 25.545463
196.825870 25.560130
198.328357 25.574444
199.830845 25.588757
201.333332 25.603071
202.835820 25.617384
204.338308 25.631698
205.840795 25.646012
207.343283 25.660325
208.845770 25.673771
210.348258 25.682435
211.850745 25.686587
213.353233 25.690742
214.855720 25.694898
216.358208 25.699054
217.860696 25.703210
219.363183 25.707366
220.865671 25.711521
222.368158 25.715677
223.870646 25.716817
225.373133 25.713010
226.875621 25.708613
228.378108 25.704215
229.880596 25.699817
231.383084 25.695420
232.885571 25.691022
234.388059 25.686624
235.890546 25.681836
237.393034 25.673722
238.895521 25.660521
240.398009 25.647324
241.900496 25.634127
243.402984 25.620930
244.905472 25.607733
246.407959 25.594536
247.910447 25.581308
249.412934 25.566028
250.915422 25.545629
252.417909 25.525235
253.920397 25.504841
255.422884 25.484447
256.925372 25.464053
258.427860 25.443659
259.930347 25.422191
261.432835 25.396400
262.935322 25.368414
264.437810 25.340428
265.940297 25.312442
267.442785 25.284456
268.945272 25.256402
270.447760 25.227014
271.950248 25.192572
273.452735 25.158132
274.955223 25.123692
276.457710 25.089252
277.960198 25.054552
279.462685 25.017631
280.965173 24.977601
282.467660 24.937571
283.970148 24.897541
285.472636 24.857253
286.975123 24.813959
288.477611 24.768958
289.980098 24.723957
291.482586 24.678790
292.985073 24.630186
294.487561 24.581113
295.990048 24.531462
297.492536 24.479389
298.995024 24.427766
