x_mm y_mm
0.000000 0.000000
1.506194 2.099032
3.012388 3.066607
4.518582 3.931004
6.024776 4.457463
7.530970 4.957762
9.037164 5.435097
10.543357 5.764645
12.049551 6.095273
13.555745 6.426666
15.061939 6.734006
16.568133 6.990940
18.074327 7.248647
19.580521 7.510469
21.086715 7.770063
22.592909 8.009174
24.099103 8.239702
25.605297 8.470231
27.111491 8.701435
28.617685 8.934724
30.123878 9.163945
31.630072 9.386462
33.136266 9.608979
34.642460 9.831497
36.148654 10.054014
37.654848 10.276434
39.161042 10.496270
40.667236 10.708794
42.173430 10.921318
43.679624 11.133842
45.185818 11.346366
46.692012 11.558889
48.198206 11.770041
49.704400 11.972350
51.210593 12.160919
52.716787 12.349576
54.222981 12.538232
55.729175 12.726888
57.235369 12.915545
58.741563 13.104201
60.247757 13.290033
61.753951 13.460072
63.260145 13.608775
64.766339 13.757789
66.272533 13.906803
67.778727 14.055816
69.284921 14.204830
70.791114 14.353844
72.297308 14.502858
73.803502 14.645892
75.309696 14.770177
76.815890 14.882515
78.322084 14.994865
79.828278 15.107214
81.334472 15.219563
82.840666 15.331913
84.346860 15.444262
85.853054 15.556612
87.359248 15.666578
88.865442 15.763838
90.371635 15.845089
91.877829 15.926557
93.384023 16.008025
94.890217 16.089493
96.396411 16.170961
97.902605 16.252429
99.408799 16.333897
100.914993 16.415366
102.421187 16.492326
103.927381 16.555926
105.433575 16.611117
106.939769 16.666319
108.445963 16.721521
109.952157 16.776723
111.458350 16.831925
112.964544 16.887127
114.470738 16.942329
115.976932 16.997531
117.483126 17.049403
118.989320 17.090396
120.495514 17.123137
122.001708 17.155915
123.507902 17.188693
125.014096 17.221471
126.520290 17.254249
128.026484 17.287027
129.532678 17.319806
131.038871 17.352584
132.545065 17.384461
134.051259 17.409201
135.557453 17.422812
137.063647 17.436583
138.569841 17.450354
140.076035 17.464125
141.582229 17.477896
143.088423 17.491667
144.594617 17.505438
146.100811 17.519209
147.607005 17.532980
149.113199 17.543095
150.619392 17.543611
152.125586 17.541275
153.631780 17.538939
155.137974 17.536603
156.644168 17.534267
158.150362 17.531930
159.656556 17.529594
161.162750 17.527258
162.668944 17.524922
164.175138 17.521333
165.681332 17.512034
167.187526 17.496236
168.693720 17.480481
170.199914 17.464725
171.706107 17.448970
173.212301 17.433215
174.718495 17.417459
176.224689 17.401704
177.730883 17.385948
179.237077 17.370168
180.743271 17.351047
182.249465 17.322848
183.755659 17.294772
185.261853 17.266695
186.768047 17.238619
188.274241 17.210543
189.780435 17.182467
191.286628 17.154391
192.792822 17.126315
194.299016 17.098239
195.805210 17.067913
197.311404 17.030316
198.817598 16.992287
200.323792 16.954257
201.829986 16.916228
203.336180 16.878199
204.842374 16.840169
206.348568 16.802140
207.854762 16.764111
209.360956 16.725686
210.867149 16.684148
212.373343 16.636435
213.879537 16.588756
215.385731 16.541077
216.891925 16.493398
218.398119 16.445719
219.904313 16.398040
221.410507 16.350361
222.916701 16.302682
224.422895 16.253655
225.929089 16.198573
227.435283 16.142801
228.941477 16.087029
230.447671 16.031257
231.953864 15.975485
233.460058 15.919714
234.966252 15.863942
236.472446 15.807991
237.978640 15.749961
239.484834 15.685796
240.991028 15.621656
242.497222 15.557516
244.003416 15.493376
245.509610 15.429236
247.015804 15.365097
248.521998 15.300942
250.028192 15.235816
251.534385 15.164816
253.040579 15.093858
254.546773 15.022899
256.052967 14.951940
257.559161 14.880982
259.065355 14.810023
260.571549 14.738583
262.077743 14.662767
263.583937 14.584584
265.090131 14.506400
266.596325 14.428216
268.102519 14.350033
269.608713 14.271818
271.114906 14.192808
272.621100 14.108489
274.127294 14.024184
275.633488 13.939879
277.139682 13.855574
278.645876 13.771152
280.152070 13.684684
281.658264 13.595062
283.164458 13.505441
284.670652 13.415819
286.176846 13.326082
287.683040 13.233421
289.189234 13.139079
290.695428 13.044738
292.201621 12.950322
293.707815 12.852554
295.214009 12.754343
296.720203 12.655594
298.226397 12.554511
299.732591 12.453859
299.732591 11.739845
298.226397 11.447814
296.720203 11.155416
295.214009 10.865227
293.707815 10.575463
292.201621 10.286428
290.695428 10.000431
289.189234 9.714434
287.683040 9.428586
286.176846 9.145026
284.670652 8.864128
283.164458 8.583229
281.658264 8.302330
280.152070 8.021805
278.645876 7.744932
277.139682 7.469388
275.633488 7.193845
274.127294 6.918301
272.621100 6.642813
271.114906 6.368533
269.608713 6.099700
268.102519 5.830856
266.596325 5.562012
265.090131 5.293168
263.583937 5.024324
262.077743 4.756082
260.571549 4.491470
259.065355 4.229542
257.559161 3.967615
256.052967 3.705688
254.546773 3.443761
253.040579 3.181834
251.534385 2.920190
250.028192 2.660933
248.521998 2.406529
247.015804 2.152123
245.509610 1.897716
244.003416 1.643310
242.497222 1.388903
240.991028 1.134496
239.484834 0.880305
237.978640 0.628540
236.472446 0.382108
234.966252 0.135648
233.460058 -0.110812
231.953864 -0.357273
230.447671 -0.603733
228.941477 -0.850194
227.435283 -1.096654
225.929089 -1.342074
224.422895 -1.583323
222.916701 -1.820740
221.410507 -2.058156
219.904313 -2.295573
218.398119 -2.532990
216.891925 -2.770407
215.385731 -3.007824
213.879537 -3.245241
212.373343 -3.482240
210.867149 -3.715741
209.360956 -3.943958
207.854762 -4.172217
206.348568 -4.400476
204.842374 -4.628735
203.336180 -4.856994
201.829986 -5.085253
200.323792 -5.313512
198.817598 -5.541771
197.311404 -5.768276
195.805210 -5.989588
194.299016 -6.207197
192.792822 -6.424807
191.286628 -6.642417
189.780435 -6.860027
188.274241 -7.077637
186.768047 -7.295247
185.261853 -7.512857
183.755659 -7.730467
182.249465 -7.946019
180.743271 -8.155598
179.237077 -8.360913
177.730883 -8.566231
176.224689 -8.771548
174.718495 -8.976866
173.212301 -9.182184
171.706107 -9.387501
170.199914 -9.592819
168.693720 -9.798136
167.187526 -10.002664
165.681332 -10.200540
164.175138 -10.391682
162.668944 -10.582905
161.162750 -10.774128
159.656556 -10.965351
158.150362 -11.156574
156.644168 -11.347797
155.137974 -11.539019
153.631780 -11.730242
152.125586 -11.921465
150.619392 -12.106761
149.113199 -12.283923
147.607005 -12.459066
146.100811 -12.634210
144.594617 -12.809353
143.088423 -12.984497
141.582229 -13.159640
140.076035 -13.334784
138.569841 -13.509928
137.063647 -13.685071
135.557453 -13.856588
134.051259 -14.018224
132.545065 -14.173947
131.038871 -14.329716
129.532678 -14.485485
128.026484 -14.641254
126.520290 -14.797023
125.014096 -14.952791
123.507902 -15.108560
122.001708 -15.264329
120.495514 -15.419203
118.989320 -15.561817
117.483126 -15.695114
115.976932 -15.828569
114.470738 -15.962023
112.964544 -16.095478
111.458350 -16.228932
109.952157 -16.362387
108.445963 -16.495842
106.939769 -16.629296
105.433575 -16.762483
103.927381 -16.880428
102.421187 -16.987139
100.914993 -17.094052
99.408799 -17.200965
97.902605 -17.307878
96.396411 -17.414791
94.890217 -17.521704
93.384023 -17.628617
91.877829 -17.735530
90.371635 -17.836975
88.865442 -17.921871
87.359248 -17.997760
85.853054 -18.073754
84.346860 -18.149749
82.840666 -18.225744
81.334472 -18.301738
79.828278 -18.377733
78.322084 -18.453727
76.815890 -18.529455
75.309696 -18.583712
73.803502 -18.623027
72.297308 -18.662616
70.791114 -18.702205
69.284921 -18.741794
67.778727 -18.781383
66.272533 -18.820972
64.766339 -18.860561
63.260145 -18.892733
61.753951 -18.900053
60.247757 -18.893249
58.741563 -18.886587
57.235369 -18.879924
55.729175 -18.873261
54.222981 -18.866598
52.716787 -18.859936
51.210593 -18.851332
49.704400 -18.798628
48.198206 -18.712626
46.692012 -18.626702
45.185818 -18.540778
43.679624 -18.454853
42.173430 -18.368929
40.667236 -18.283005
39.161042 -18.176222
37.654848 -18.010366
36.148654 -17.808000
34.642460 -17.605634
33.136266 -17.403268
31.630072 -17.200902
30.123878 -16.998675
28.617685 -16.769465
27.111491 -16.465768
25.605297 -16.111829
24.099103 -15.757890
22.592909 -15.404105
21.086715 -15.050835
19.580521 -14.669968
18.074327 -14.198938
16.568133 -13.652879
15.061939 -13.107550
13.555745 -12.563641
12.049551 -11.982014
10.543357 -11.278112
9.037164 -10.473098
7.530970 -9.671902
6.024776 -8.794713
4.518582 -7.665215
3.012388 -6.398650
1.506194 -4.490403
